======================================citeseer=======================================================
tensor([-0.0631,  0.0192,  0.2183, -0.2031, -0.0190,  0.0284, -0.0464, -0.1108,
         0.0264,  0.0961, -0.1404, -0.2091,  0.1500,  0.0244,  0.1056,  0.0272,
        -0.0391, -0.0751, -0.1136, -0.0887, -0.0817,  0.0870, -0.0824,  0.1089,
         0.0833,  0.0960, -0.1866, -0.2968])
wo_disen=tensor([-0.0977,  0.0297,  0.3381, -0.3145, -0.0294,  0.0440, -0.0719, -0.1716,
         0.0408,  0.1488, -0.2173, -0.3237,  0.2323,  0.0378,  0.1634,  0.0421,
        -0.0606, -0.1163, -0.1759, -0.1373, -0.1265,  0.1347, -0.1275,  0.1687,
         0.1290,  0.1487, -0.2889, -0.4596])
         
  tensor([-0.0941,  0.0585,  0.0031,  0.1458, -0.1821,  0.0813,  0.0482, -0.1613,
         0.1435, -0.1830, -0.0418,  0.0780,  0.0554,  0.0820,  0.1296, -0.0578,
        -0.1040,  0.2100, -0.1773, -0.1422, -0.1228, -0.2863, -0.1045,  0.1918,
         0.1522, -0.1017,  0.2028, -0.0738])
wo_club=tensor([-0.1298,  0.0808,  0.0043,  0.2012, -0.2514,  0.1122,  0.0665, -0.2227,
         0.1981, -0.2525, -0.0577,  0.1076,  0.0764,  0.1132,  0.1789, -0.0798,
        -0.1436,  0.2898, -0.2447, -0.1963, -0.1696, -0.3952, -0.1442,  0.2647,
         0.2100, -0.1404,  0.2799, -0.1019]) 
   
   tensor([-0.0032, -0.2155,  0.1919, -0.2859,  0.0447, -0.1915,  0.0268, -0.0017,
         0.0177,  0.0683,  0.0011,  0.0782,  0.0139, -0.2193,  0.1788,  0.1780,
         0.0851, -0.0935, -0.0028, -0.0735, -0.1154,  0.1154, -0.0981,  0.1094,
         0.0065,  0.1292,  0.1255,  0.0382])
vgdae_citeseer=tensor([-0.0048, -0.3283,  0.2923, -0.4355,  0.0680, -0.2917,  0.0408, -0.0025,
         0.0270,  0.1040,  0.0017,  0.1191,  0.0212, -0.3340,  0.2723,  0.2712,
         0.1296, -0.1425, -0.0043, -0.1120, -0.1757,  0.1757, -0.1494,  0.1667,
         0.0099,  0.1969,  0.1911,  0.0582])

======================================cora=======================================================
wo_disen=tensor([-0.0752,  0.2417,  0.1753, -0.0883, -0.1708, -0.2458,  0.0852,  0.1289,
        -0.1113, -0.0778])
wo_disen_n=tensor([-0.1554,  0.4991,  0.3621, -0.1822, -0.3526, -0.5077,  0.1759,  0.2661,
        -0.2297, -0.1606])
wo_club=tensor([-0.0013,  0.1445,  0.0704, -0.0187,  0.1651,  0.0104,  0.1986,  0.0601,
         0.0608, -0.0294])
wo_club_n=tensor([-0.0040,  0.4543,  0.2214, -0.0588,  0.5190,  0.0328,  0.6244,  0.1891,
         0.1910, -0.0925])
vgdae=tensor([-0.0368,  0.1401,  0.0317,  0.0122,  0.0421, -0.0239,  0.0013,  0.0389,
         0.0428, -0.1436])
vgdae_n=tensor([-0.1670,  0.6364,  0.1441,  0.0554,  0.1913, -0.1088,  0.0058,  0.1769,
         0.1944, -0.6525])
         
