1

=============================================hyp_sens===============================================
#number of channels
Cora_channel =[0.9455404369007198, 0.9496487583219615, 0.9516759142905493, 0.9534870323228759, 0.9558886540476508, 0.9542251619384364, 0.9543691872292774, 0.9545312156814736, 0.9562595191715664, 0.9559768695382909, 0.957800589783566, 0.9563873416171879, 0.9616100587263123, 0.9585135149732292, 0.9613292094091723, 0.9583568874694397, 0.9595054891638971, 0.9611347752665367]
Cora_channel= [0.9614516309063872, 0.9624886130004429, 0.9642421209164329, 0.9632879533646108, 0.96384605136662, 0.9693046098894965, 0.9650198574869746, 0.9657831915284325, 0.967486290592628, 0.9689265435010387, 0.9691065751145901, 0.9692289966118051, 0.9685484771125811, 0.9683540429699455, 0.9711337310831782, 0.9695314497225713, 0.9710077089536923, 0.9709266947275941]
Cora_channel=[0.9486908613537757, 0.9558315473800899, 0.9586344524315158, 0.962847224829022, 0.9628085090484872, 0.962963269032502, 0.9637078807538253, 0.9625202576378917, 0.9627582174803853, 0.9634931122369561, 0.9630672170790815, 0.9632915112363227, 0.9650758965102528, 0.964482268592424, 0.9627215812439981, 0.9638796965843814, 0.9636134810601489, 0.9630346340308605](采用)

Citeseer_channel=[0.9541021615746891, 0.9621881415288009, 0.9578456708127037, 0.9667431469629272, 0.9661538461538461, 0.9665112909068954, 0.9652650646057239, 0.966733486293926, 0.9704769955319406, 0.9673807511170148, 0.9720999879241637, 0.9645984784446323, 0.9694481342832992, 0.9672865595942519, 0.9690713681922474, 0.9714430624320735, 0.9712546793865475, 0.9719188503803888]
Citeseer_channel=[0.9618500181137544, 0.9721048182586645, 0.9761767902427244, 0.9791860886366381, 0.9821229320130419, 0.9832773819587006, 0.982552831783601, 0.9841323511653182, 0.9848713923439197, 0.9865909914261562, 0.9862045646661031, 0.9858229682405506, 0.9859582176065693, 0.9862335466731071, 0.9859871996135733, 0.9869049631686994, 0.9876343436782997, 0.9872986354305034]
Citeseer_channel=[0.9716024634705953, 0.9689651008332327, 0.9756599444511532, 0.9776210602584229, 0.9754135973916194, 0.9723125226421929, 0.9773457311918851, 0.9817606569254921, 0.9783021374230165, 0.9819683613090208, 0.9732616833715735, 0.9771428571428572, 0.9796739524212053, 0.9738582296824055, 0.9770993841323511, 0.9785460693153001, 0.9764231373022582, 0.9800531336795073]
Citeseer_channel=[0.9739262983476611, 0.9737027534325479, 0.9772786478960741, 0.9797253281756283, 0.978093178432699, 0.9773967066934091, 0.9800128157320083, 0.9833204790802259, 0.9806481156757144, 0.9834996742893906, 0.9781581408967623, 0.9801303423757727, 0.9818558345896283, 0.9783024001319698, 0.9802566943207199, 0.981439786282362, 0.9798765959314807, 0.981748550096362]
Citeseer_channel=[0.9697910880328463, 0.9706846999154691, 0.9741432194179446, 0.9721724429416737, 0.9749257336070523, 0.9735442579398624, 0.9773022581813791, 0.976901340417824, 0.9766598236927907, 0.9775099625649076, 0.9769110010868252, 0.9776355512619249, 0.9769206617558265, 0.9775147928994083, 0.9745972708610072, 0.9777369882864388, 0.9766308416857868, 0.9756840961236566]
Citeseer_channel=[0.9736734177003018, 0.9744864178613608, 0.9766442715573092, 0.9760904346042711, 0.9785273452020711, 0.9775465601887052, 0.979822355095755, 0.9797212699267719, 0.9799240772153337, 0.98078376499358, 0.979254617706015, 0.9804907560285677, 0.9800283842487654, 0.9799425818718697, 0.9795397123291576, 0.9808436901425821, 0.9801095336285501, 0.980105811883641]

Pubmed_channel=[0.9576105005115407, 0.9655387437034889, 0.9687946223478086, 0.9701448747377133, 0.9696083120055651, 0.9685133971917398, 0.9678453092621433, 0.9681194579705846, 0.9677237369100993, 0.9673598598639368, 0.9677641337532095, 0.9679851327399026, 0.9676661325900247, 0.9680729265092078, 0.9684967497214222, 0.9684369817393034, 0.9677817230528875, 0.9679509214247548]

#lambda
Cora_lambda=[0.9677671399097683, 0.9677347342193289, 0.9677095297934317, 0.9674430830053758, 0.9673566678308712, 0.9668561799451983, 0.9675835076639456, 0.9684044518217398, 0.967893162039254, 0.9681019987109736, 0.9681812126209364, 0.9665861325248715, 0.9677995456002074, 0.963032308473368, 0.9672018406432169, 0.9679435708910484]
(35131)Cora_lambda=[0.9706656488879447, 0.9707232590042811, 0.9708780861919353, 0.9710221114827764, 0.9726351947401963, 0.9711409323477203, 0.971382174709879, 0.9730960756708879, 0.9711481336122623, 0.9721725134933694, 0.9732004940067476, 0.9737225856860465, 0.97352455091114, 0.973261704755355, 0.9733445192975887, 0.9732292990649158, 0.9731284813613271, 0.9731032769354298, 0.9730132611286543, 0.9729268459541496, 0.9722319239258415]
(63282)Cora_lambda=[0.9649910524288063, 0.965063065074227, 0.9653475150236381, 0.9643033316650405, 0.9658083959543295, 0.9669029881647218, 0.9665033179826377, 0.9638784570570591, 0.9606846962326585, 0.9581750555397527, 0.959021204123444, 0.9584703073859769, 0.9573793158078557, 0.9515534927933345, 0.9513986656056803, 0.9510566055399329, 0.9512510396825683, 0.9502572651757648, 0.9497459753932791, 0.9506281302996806, 0.9476540080438125]
(63282)Cora_lambda=[0.9666949652122616, 0.966817811343643, 0.9672382032222419, 0.9671121629433661, 0.9681700014836507, 0.9694923094775092, 0.9693363506250466, 0.9677764155320291, 0.9642097469956175, 0.962555978078457, 0.9629882774762822, 0.9627023951891398, 0.9619943121425006, 0.9587241164639464, 0.9585566239505665, 0.9582398661892538, 0.9583807694831806, 0.9574451823469793, 0.9575241634128258, 0.9584090914446616, 0.9553416925380573]

Citeseer_lambda=[0.9795338727206859, 0.9792826953266514, 0.9791764279676367, 0.9789977055911122, 0.9809539910638811, 0.9807849293563579, 0.9791136336191281, 0.9783311194300206, 0.978050960028982, 0.9771959908223644, 0.9771863301533632, 0.9742205047699554, 0.979548363724188, 0.9733703658978384, 0.9770752324598478, 0.9794903997101799]
(3333)Citeseer_lambda=[0.9823547880690737, 0.9824030914140803, 0.9822436903755585, 0.9819587006400193, 0.9817509962564909, 0.9841275208308176, 0.9837314334017631, 0.9822968240550659, 0.9798961478082356, 0.9811085617679025, 0.9807462866803526, 0.9806496799903394, 0.9803018959062915, 0.9797753894457191, 0.9810505977538945, 0.9809395000603792, 0.9808911967153726, 0.9805675643038281, 0.9804709576138148, 0.9800555488467577, 0.9799251298152397]
(1101)Citeseer_lambda=[0.9759739161936966, 0.9758676488346819, 0.975374954715614, 0.9747035382200218, 0.9737278106508876, 0.9727134404057481, 0.9715589904600893, 0.9699746407438715, 0.9708344402849899, 0.9719309262166406, 0.9722400676246831, 0.9775003018959063, 0.9775534355754135, 0.9771911604878638, 0.9772008211568651, 0.9774664895544016, 0.9774423378818983, 0.9769834561043352, 0.9770414201183433, 0.9770172684458399, 0.9772153121603672]
(1101)Citeseer_lambda=[0.9801052766283419, 0.9800739001154555, 0.9799353481851061, 0.979672225007413, 0.9790873312678927, 0.9786331037913859, 0.9779184035332524, 0.9768331608249311, 0.9772983185723904, 0.9780079556361563, 0.9779990043751798, 0.981831485270778, 0.9818184523803524, 0.9815282576571681, 0.9815229261063508, 0.9817162874491646, 0.9817096299093062, 0.9812329783355331, 0.9811999097528846, 0.9811021593030167, 0.9811952013611381]

Pubmed_lambda=[0.9506568216140572, 0.9506987202931745, 0.9507530918476065, 0.9509591488387701, 0.9511749550365574, 0.9516843319914896, 0.9535971874226171, 0.9555173993046958, 0.9571172873848219, 0.9581901583006426, 0.9594941592324935, 0.9639159462605403, 0.9506443741935905, 0.9627135356253829, 0.9663231602865279, 0.963476951959168]
(4341)Pubmed_lambda=[0.9503141993656244, 0.950418767879485, 0.9509135592067537, 0.9515369484239989, 0.9540685857449595, 0.9558024426879015, 0.9567871634665511, 0.9574861281262625, 0.9587294192466344, 0.9590368119860159, 0.9635656621029858, 0.9641618909978625, 0.9623159054513288, 0.9642254772071187, 0.9644351996963337, 0.9652096379791213, 0.965239089237772, 0.9626540985562825, 0.9631132021872434, 0.9631064566526345, 0.963346750413794]
(6905)Pubmed_lambda=[0.9506568216140572, 0.9507530918476065, 0.9511749550365574, 0.9516843319914896, 0.9535971874226171, 0.9555173993046958, 0.9571172873848219, 0.9581901583006426, 0.9594941592324935, 0.9622882360320089, 0.9640546497250062, 0.963818301465222, 0.9639159462605403, 0.9629566294197761, 0.9630967329008588, 0.9630866782360646, 0.9630121464423491, 0.9651139277522187, 0.9658443800583874, 0.9663231602865279, 0.963476951959168]
(6905)Pubmed_lambda=[0.9482790110404922, 0.9483693753840362, 0.9487739031195839, 0.9492628799016393, 0.9510583530908707, 0.9530352730919982, 0.954703833124289, 0.9559420703292733, 0.9581472967988702, 0.9611454538507569, 0.9630591688475846, 0.9627014481087507, 0.9628235160119354, 0.9607675280842138, 0.9608687552058672, 0.9608007158505041, 0.9607296388612665, 0.9633263975706021, 0.9638668525993078, 0.964486279311872, 0.9624235183565868]


#[0.0001, 0.001, 0.005, 0.01, 0.03, 0.05, 0.07, 0.1, 0.2,0.3, 0.4, 0.45, 0.5, 0.55,0.57,0.59, 0.6,0.7,0.75,0.8,1]

Cora_lambda=[0.9721725134933694, 0.9730348649222803, 0.9731824908453925, 0.9733157142394204, 0.9730024592318411, 0.9732473022262709, 0.9732725066521681, 0.9737369882151306, 0.9736253686147287, 0.9735641578661214, 0.9733337174007756, 0.9734021294139251, 0.9733085129748784, 0.9732869091812523, 0.9731788902131214, 0.9730780725095326, 0.9730024592318413, 0.9732581041230841, 0.973117679464514, 0.9731032769354298]
Cora_lambda=[0.9739747762820103, 0.9747154122112223, 0.974860641294002, 0.9750296223482318, 0.9747483605333596, 0.9749293497094162, 0.9749703474039652, 0.9754480381121443, 0.9753592429529363, 0.9752989095124216, 0.9750493602267345, 0.9751115269538881, 0.97501567989018, 0.9750359688553949, 0.9750092437815324, 0.9749124927710898, 0.9748893878608413, 0.9752069587686814, 0.9751640961879884, 0.9752391954325186]

Citeseer_lambda=[0.9811085617679025, 0.9809926337398865, 0.9807800990218574, 0.9807028136698466, 0.9806883226663446, 0.9807366260113513, 0.9807124743388479, 0.9805627339693274, 0.9804661272793141, 0.9805289216278227, 0.9803743509238014, 0.980079700519261, 0.9797319164352131, 0.9810167854123898, 0.9809105180533753, 0.9808380630358653, 0.9806400193213379, 0.9803357082477963, 0.9806351889868373, 0.9805675643038281]
Citeseer_lambda=[0.983634479677278, 0.9835685958909195, 0.9833603607492963, 0.9833782662071433, 0.9833567418515293, 0.9833991310116847, 0.983343922218851, 0.9833095436020082, 0.9832063039933963, 0.9832097441477128, 0.9830784998092086, 0.9829054315095826, 0.9827183827650262, 0.9831511005096576, 0.983086129630237, 0.9830541058207077, 0.9828965259524965, 0.9826982030035921, 0.9829249644284073, 0.9828607194160096]

Pubmed_lambda=[0.966425514228649, 0.9661767949129403, 0.9624030373945965, 0.9628410135020656, 0.963244574655606, 0.9624503834110962, 0.9617573751857186, 0.9595617927625149, 0.9591738099756936, 0.958964902041601, 0.9615477290610459, 0.961831906979434, 0.9605180295667219, 0.9607130136991879, 0.9608612372766491, 0.9556808194261623, 0.9568240729955426, 0.9559747465511735, 0.9560059541943073, 0.9560318926839917]
Pubmed_lambda=[0.9676093022047229, 0.9673125297986511, 0.963620418475077, 0.9638956975034105, 0.9642611355002372, 0.9634265210871046, 0.9637196984857996, 0.9613170837716545, 0.9610062464292798, 0.9608661607571372, 0.9633139338299374, 0.9620247152009811, 0.9608989072144374, 0.9610772186506872, 0.9612668495119197, 0.9557712370703606, 0.9598616622573668, 0.9591849625968007, 0.9593820382732248, 0.959513903817172]


#torch.linspace(0, 1, 100)
#35131
Cora_lambda=[0.9706872526815709, 0.970968101998711, 0.9721707131772339, 0.9725667827270469, 0.9707268596365521, 0.9711589355090754, 0.9718358543760284, 0.9714757911489258, 0.9722319239258413, 0.9725343770366076, 0.9731896921099346, 0.9732292990649157, 0.9735317521756821, 0.9736901799956073, 0.9720626942091031, 0.9723615466875983, 0.9724587637589162, 0.9705828343457109, 0.9707988722819727, 0.9706512463588606, 0.9729736541736729, 0.9711229291863651, 0.9713065614321874, 0.9713389671226267, 0.9714217816648603, 0.9714145804003183, 0.9718574581696546, 0.9719870809314115, 0.9720698954736452, 0.9721455087513368, 0.972177914441776, 0.9722571283517385, 0.9729700535414019, 0.9731356826258691, 0.9731824908453924, 0.973240100961729, 0.9730024592318413, 0.9729844560704859, 0.9730204623931962, 0.9734705414270746, 0.9732581041230841, 0.973258104123084, 0.973265305387626, 0.9737081831569624, 0.9738126014928221, 0.9737225856860464, 0.9736757774665231, 0.9737873970669249, 0.9735821610274764, 0.973538953440224, 0.97352455091114, 0.9733049123426075, 0.9732941104457943, 0.9733697237234858, 0.9732689060198971, 0.973261704755355, 0.9733517205621307, 0.9733445192975887, 0.9732869091812523, 0.9732184971681028, 0.9731248807290561, 0.9730852737740747, 0.9730600693481777, 0.9730096604963833, 0.9733049123426074, 0.9732617047553551, 0.9733841262525698, 0.973124880729056, 0.973387726884841, 0.9731248807290559, 0.9730960756708877, 0.9732004940067477, 0.9731716889485794, 0.9729700535414018, 0.9730816731418036, 0.9730492674513644, 0.9731428838904111, 0.9729556510123177, 0.9730240630254673, 0.9729880567027571, 0.9730168617609252, 0.9727684181342243, 0.9728152263537477, 0.9727144086501589, 0.972707207385617, 0.9726207922111123, 0.9725631820947758, 0.9725163738752525, 0.9723831504812245, 0.9725631820947759, 0.9722751315130936, 0.972311137835804, 0.9724731662880002, 0.9724767669202712, 0.9724587637589159, 0.9723363422617012, 0.9724155561716638, 0.9720806973704583, 0.9722895340421779, 0.9722319239258415]
Cora_lambda=[0.97286477188979, 0.9732040494022843, 0.9746691729673939, 0.9748841812803295, 0.972832269850609, 0.9734287768360005, 0.9742748599781378, 0.9733956893589398, 0.974323137743192, 0.9746365743292562, 0.975336043331894, 0.9753617133146149, 0.9757174050274677, 0.9759662240091967, 0.9740697445402531, 0.97438369522824, 0.9744796151822199, 0.9720504261570951, 0.9723054919432357, 0.9721997062178693, 0.9763931343617027, 0.9727230307607319, 0.9729252330973803, 0.9729675144701462, 0.9731032818843741, 0.9731396047112012, 0.9736656581844183, 0.9737589664654642, 0.9738812553916303, 0.9739568154575092, 0.9739921040578627, 0.9740369270122513, 0.9746579136247004, 0.9748391346164207, 0.9748577961101622, 0.9749509570832725, 0.9747464243675021, 0.9747206460177404, 0.9747565166479937, 0.9751576546415104, 0.9749421359043339, 0.9749670739800339, 0.974983879970339, 0.9754677864910458, 0.9755149778768808, 0.9754176689764722, 0.9753978641371751, 0.9755009586550263, 0.9753051685357697, 0.9752713903037048, 0.9752495389437561, 0.9750276890949207, 0.9750165883821652, 0.9750871254054204, 0.9750123122646321, 0.9749904013529137, 0.9750800045375992, 0.9750728973804543, 0.9750359118627986, 0.9750451013763517, 0.9749541479531226, 0.974924541776185, 0.9749359233703462, 0.9748986386598494, 0.9752351327130737, 0.9752051848912051, 0.975421813804187, 0.9751310956270614, 0.9755255917185593, 0.9752526884499139, 0.975232695629402, 0.9754499698873109, 0.9754413773508936, 0.9751707349471087, 0.9754021414379938, 0.9752351822022947, 0.9753671184486424, 0.9752003243932243, 0.9752894649885145, 0.9752701104762773, 0.975319263282767, 0.9752362858260757, 0.9751746272442812, 0.9752491057422458, 0.9750850777422259, 0.9751869182837741, 0.9751050037505886, 0.9751153291079473, 0.9749865563252287, 0.9750391452009284, 0.9749486704102853, 0.9750184776507562, 0.9749748269971446, 0.9750149400232946, 0.9750167948426889, 0.9748898061904085, 0.9749752355789643, 0.9748615301830865, 0.97489015736827, 0.974863860109143]

Citeseer_lambda=[0.9823547880690737, 0.9819587006400193, 0.9816833715734814, 0.9817461659219902, 0.9842337881898321, 0.9841226904963168, 0.9838183794227751, 0.9837362637362638, 0.9833353459727086, 0.9827460451636276, 0.9822533510445599, 0.9820842893370366, 0.9815867648834682, 0.9817123535804855, 0.9813693998309383, 0.9809539910638811, 0.9805579036348266, 0.9804129935998068, 0.9808428933703659, 0.9803695205893008, 0.9801569858712716, 0.9789542325806062, 0.9790121965946141, 0.9801569858712715, 0.9814901581934549, 0.9815432918729623, 0.981272793140925, 0.9810940707644005, 0.9809105180533751, 0.9814080425069437, 0.9810892404298999, 0.9809926337398865, 0.9809829730708851, 0.9807945900253592, 0.9808042506943606, 0.9809008573843738, 0.9808477237048665, 0.980741456345852, 0.9807704383528559, 0.9808332327013646, 0.9807076440043473, 0.980697983335346, 0.9807656080183553, 0.9807173046733486, 0.9805434126313248, 0.9806303586523366, 0.9804854486173167, 0.98050960028982, 0.9804999396208187, 0.9804516362758121, 0.9803357082477961, 0.9803308779132955, 0.9801859678782756, 0.9801086825262649, 0.9798285231252264, 0.9797995411182224, 0.9797319164352132, 0.9810022944088878, 0.9809395000603791, 0.9809298393913779, 0.9809056877188745, 0.9808332327013646, 0.9806931530008454, 0.980640019321338, 0.9803501992512982, 0.9806738316628426, 0.9807462866803526, 0.9806351889868373, 0.98065451032484, 0.9806303586523367, 0.9804757879483154, 0.9805530733003262, 0.9804999396208188, 0.98058205530733, 0.9805144306243208, 0.9805144306243208, 0.9805337519623234, 0.9801424948677696, 0.9799541118222437, 0.9800748701847604, 0.9800458881777563, 0.9799686028257457, 0.9799879241637484, 0.979992754498249, 0.9799251298152396, 0.9799009781427364, 0.9801859678782756, 0.9801956285472768, 0.9802487622267843, 0.980181137543775, 0.980210119550779, 0.9800265668397536, 0.9801135128607656, 0.9800603791812583, 0.980007245501751, 0.9803888419273035, 0.9799541118222436, 0.9799492814877431, 0.9800024151672503, 0.9799251298152397]
Citeseer_lambda=[0.9840822734311805, 0.9839085586864882, 0.9837775369994666, 0.9838376881852366, 0.9855521332117325, 0.9854851119533624, 0.9853120361825352, 0.9852736550017893, 0.9849786035922384, 0.984556060306564, 0.9842307489435731, 0.9841232932355264, 0.9837426504923317, 0.9839063359831058, 0.983652644507131, 0.9833445509666604, 0.9830641050088864, 0.9829631124795564, 0.9833004455286833, 0.9829987892921348, 0.9828173636340027, 0.9819331124897224, 0.9820317326845628, 0.9830115657549059, 0.9838930110569443, 0.9839525889841895, 0.9837442097599013, 0.9836627667349306, 0.9835478359882874, 0.9838043944326444, 0.9836521112668771, 0.9835873645981925, 0.9835618545985669, 0.9833357712444302, 0.9833650682151093, 0.9836100962072286, 0.9834848429365051, 0.9834054171782368, 0.9834229149552924, 0.9834739783676897, 0.983434225674593, 0.9833601697697253, 0.9833983581268158, 0.9833626230997442, 0.9832579348558925, 0.9833275024080395, 0.9832180604709091, 0.9832223234905128, 0.983198723532321, 0.9831536954995851, 0.9830689412762889, 0.9830445147786683, 0.9829674956303784, 0.9829178032130881, 0.9827830697409354, 0.9827139383423631, 0.982687903287407, 0.9831458745817818, 0.9831063249466283, 0.9831011080561469, 0.9830964123911782, 0.9830508366937203, 0.9829420856654192, 0.9828965259524965, 0.9826928618858862, 0.9829220588335782, 0.9829690800793117, 0.9829234870569813, 0.9829351094259201, 0.9829117091280788, 0.982788969122449, 0.9828621508517725, 0.9827855488014534, 0.9828549112155995, 0.9828120347343199, 0.9828006864061909, 0.9828097591700714, 0.9825788758524582, 0.9824311760031776, 0.9825222702491706, 0.9825118968578839, 0.9824227285216739, 0.9824471116980422, 0.9824190871208962, 0.9823859735067222, 0.9823662015158733, 0.9825880663184846, 0.9825832129051904, 0.9826350064611393, 0.9825896441950602, 0.9826054731500542, 0.9824725499816171, 0.982530854807326, 0.9824909406986021, 0.9824455195234683, 0.9826880725233129, 0.9824191462454138, 0.9824019514792405, 0.9824355911479873, 0.9823861908694856]

#4341
Pubmed_lambda=[0.973535002248172, 0.9741437549280584, 0.9741637369834091, 0.9739933931434007, 0.9738448641077689, 0.9733150978199248, 0.9727096542702237, 0.972221786661497, 0.9716347215117491, 0.9709604989638858, 0.9703489971604609, 0.9697824231630153, 0.9695402202882873, 0.9692254710979551, 0.9691049678495093, 0.9687789167068515, 0.968651031552607, 0.9683542534846669, 0.9679854127432261, 0.9673193612014362, 0.9663124947053916, 0.9654614882410822, 0.9652326491613339, 0.9649557258745063, 0.9647828110948924, 0.9646619514785805, 0.9657603790613718, 0.9666643316086485, 0.9666952337936112, 0.9663788300381864, 0.9669688479502536, 0.96639341566585, 0.9662082825593974, 0.9641701129136312, 0.961210706879081, 0.9624400741978261, 0.9628261478710786, 0.9640521806047908, 0.9634243622440667, 0.963732493174028, 0.9629036324271136, 0.9633729179971067, 0.961185582944519, 0.9604591525042682, 0.9597062999322291, 0.9597218019344054, 0.9592658547045445, 0.9581175356204955, 0.9593911434643355, 0.9587723615745025, 0.9599970452012929, 0.961743705932568, 0.9606272563176895, 0.9621042229388496, 0.9608128221565508, 0.9597959264505597, 0.9603976026828188, 0.9605856885515907, 0.9617803609130837, 0.9607850763726883, 0.9608447679902643, 0.9556558736755333, 0.9565809028366067, 0.9559671100968996, 0.9561630869684214, 0.956010510612024, 0.9559880848913057, 0.9559302769324506, 0.955970597411018, 0.9562087529649806, 0.9557222853728709, 0.9569570491193031, 0.9568176583739525, 0.9566369035012838, 0.9565144147747267, 0.9561555014238423, 0.9556159859293748, 0.9560883260810776, 0.9566692820674061, 0.957003707854918, 0.9571197310501895, 0.9584906527763297, 0.9586360508657091, 0.9585459152504268, 0.9585075802499707, 0.9585698937168476, 0.9586192252114585, 0.9587131535990304, 0.9586064214231255, 0.9584116663842874, 0.9586714840135412, 0.9587440048742978, 0.9587060516965554, 0.9588326641084206, 0.95863151990284, 0.9570264899435025, 0.9562135639311733, 0.9561756362082785, 0.9572554053877934, 0.9567659086688214]
Pubmed_lambda=[0.9732742310422207, 0.974075179403073, 0.974056577761652, 0.9738918343593932, 0.9737825350755457, 0.973282500275464, 0.9727667011011567, 0.9723956951085224, 0.971895863654078, 0.9714021270533757, 0.970970716298621, 0.9700387730181832, 0.9704692292165676, 0.9702043637658997, 0.9696029404010698, 0.9694034814424569, 0.9693262100203837, 0.9690833744580024, 0.9687427415158087, 0.9683760817058522, 0.9674666651114916, 0.9668044917933438, 0.9666430127683675, 0.9664182338124747, 0.9663688522361827, 0.9662595547489476, 0.9671399539163217, 0.9678619387970029, 0.9678316817346339, 0.9675979617313402, 0.9680013832177857, 0.9675046886632707, 0.967276811507338, 0.9659699091263122, 0.9623428291507041, 0.9631060717926121, 0.9639114707053843, 0.9648368815736574, 0.9644636766599209, 0.9647758467865544, 0.9644268146115171, 0.9651899454949988, 0.9628124312627261, 0.962709735596549, 0.961442498619871, 0.9622676168522382, 0.9610733516168412, 0.9611280272131734, 0.9613553596450991, 0.9614610677040466, 0.9618817296642825, 0.9627774666283337, 0.9615855875611787, 0.9622395638089963, 0.9611155077112377, 0.9603455378982044, 0.9607529649192942, 0.9610038542817478, 0.9614687692604581, 0.9611676636094635, 0.9612248969052197, 0.9557396179141742, 0.9599525921060803, 0.9594490220754277, 0.9594056036823175, 0.9592228754036185, 0.9592356184151479, 0.9592816196963435, 0.9594089024164177, 0.9596148137184795, 0.9592150750898302, 0.9594719819413173, 0.9593955342810709, 0.9592926582733448, 0.9591885916364741, 0.9589880262301625, 0.9534067691058274, 0.9538587062886756, 0.9545252706740814, 0.955033309980444, 0.9552481891565677, 0.9587118962833037, 0.9588319444778043, 0.9587395933248266, 0.9586354081126611, 0.9586803497869867, 0.9586808423044149, 0.9583873976476225, 0.9582668339640118, 0.958077061936008, 0.9587436504706534, 0.9587615638750896, 0.9586904870763608, 0.9588013274789263, 0.9585045630980327, 0.9545891349736062, 0.9536626382775569, 0.9536984350287991, 0.9576647254331465, 0.9561285786901964]


===========================================abl_stu===============================================
#w/o disent
Cora: average_test_auc:0.8969048964998254, average_test_ap:0.8828848513035211.
Citeseer:  average_test_auc:0.8290479410699192, average_test_ap:0.8221085885604127
Pubmed: average_test_auc:0.8511230220565238, average_test_ap:0.8397530834428286

#w/o CLUB
Cora: average_test_auc:0.9526221604513753, average_test_ap:0.9548054578541114.
Citeseer : average_test_auc:0.9652133800265668, average_test_ap:0.9670990694432657.
Pubme : average_test_auc:0.947457223637738, average_test_ap:0.9463481534115491.


